min_x	-50.00
max_x	50.00
min_y	50.00
max_y	-50.00
nrhos	20
min_rho	-57.58
max_rho	55.72
rho_inc	5.96
rho_range	113.30
nthetas	5
min_theta	80
max_theta	100
theta_inc	5
max	133.00
pixel_threshold	128
unit	1
	-57.58	-51.61	-45.65	-39.69	-33.72	-27.76	-21.80	-15.83	-9.87	-3.91	2.06	8.02	13.98	19.94	25.91	31.87	37.83	43.80	49.76	55.72	
80	0	0	0	31	65	80	68	65	97	115	107	112	69	46	50	68	64	36	29	10	
85	0	0	3	7	93	95	45	81	90	107	105	125	70	35	46	76	62	45	27	0	
90	0	2	6	6	120	69	24	114	72	122	113	106	72	32	38	89	56	63	8	0	
95	0	6	6	4	105	85	19	117	74	117	104	133	65	32	39	89	55	62	0	0	
100	4	6	6	18	83	86	45	97	84	113	104	129	62	36	53	70	74	42	0	0	

